base_link:
  sensor_kit_base_link:
    x: 1.45
    y: 0.000000
    z: 2.0
    roll: 0.000000
    pitch: 0.000000
    yaw: 0.000000
